<?xml version="1.0"?>
<opencv_storage>
<K type_id="opencv-matrix">
  <rows>3</rows>
  <cols>3</cols>
  <dt>d</dt>
  <data>
    5.1677536070147175e+02 0. 3.0551841497099173e+02 0.
    5.1679013110131200e+02 2.3509327240031004e+02 0. 0. 1.</data></K>
<D type_id="opencv-matrix">
  <rows>1</rows>
  <cols>5</cols>
  <dt>d</dt>
  <data>
    -9.2997804944600471e-02 2.4199477621085544e-01
    -2.3142389836797506e-03 2.4842339792687847e-06
    -1.0684097869599501e-01</data></D>
<R type_id="opencv-matrix">
  <rows>3</rows>
  <cols>3</cols>
  <dt>d</dt>
  <data>
    9.9927017125923001e-01 3.6925399701584455e-02 9.7795546129408970e-03
    -3.6629362641728058e-02 9.9891114056005204e-01
    -2.8893304717127997e-02 -1.0835802877961711e-02
    2.8513998700537620e-02 9.9953466035655603e-01</data></R>
<T>
  -7.2941264408172444e+01 -6.8183509082810193e-02
  -4.6845280549257859e+00</T>
<E type_id="opencv-matrix">
  <rows>3</rows>
  <cols>3</cols>
  <dt>d</dt>
  <data>
    -1.7085245386527656e-01 4.6774830778420933e+00
    -2.0350327713991048e-01 -5.4714863145105985e+00
    1.9068690477087793e+00 7.2861509348251403e+01 2.7399257723513548e+00
    -7.2859323920533924e+01 2.1081809833487068e+00</data></E>
<F type_id="opencv-matrix">
  <rows>3</rows>
  <cols>3</cols>
  <dt>d</dt>
  <data>
    -8.7758006014144461e-07 2.4025107433696194e-05
    -5.9202045456310743e-03 -2.8103371907602932e-05
    9.7940331574036159e-06 1.9968207491630144e-01 1.4147905520442570e-02
    -2.0303531178203571e-01 1.</data></F>
<lR type_id="opencv-matrix">
  <rows>3</rows>
  <cols>3</cols>
  <dt>d</dt>
  <data>
    9.9648663059658338e-01 3.9608798438319735e-02 7.3793889506793081e-02
    -3.8588468944875852e-02 9.9913954265491856e-01
    -1.5202117214733853e-02 -7.4332530609138969e-02
    1.2301113347689961e-02 9.9715763924449208e-01</data></lR>
<rR type_id="opencv-matrix">
  <rows>3</rows>
  <cols>3</cols>
  <dt>d</dt>
  <data>
    9.9794360810034832e-01 9.3285052869780823e-04 6.4091222812093035e-02
    -1.8153489365206590e-03 9.9990433055987515e-01
    1.3712557596837231e-02 -6.4072299474085687e-02
    -1.3800707137643840e-02 9.9784982884330042e-01</data></rR>
<lP type_id="opencv-matrix">
  <rows>3</rows>
  <cols>4</cols>
  <dt>d</dt>
  <data>
    4.8799769120036689e+02 0. 2.6032884407043457e+02 0. 0.
    4.8799769120036689e+02 2.3521510887145996e+02 0. 0. 0. 1. 0.</data></lP>
<rP type_id="opencv-matrix">
  <rows>3</rows>
  <cols>4</cols>
  <dt>d</dt>
  <data>
    4.8799769120036689e+02 0. 2.6032884407043457e+02
    -3.5668517074007214e+04 0. 4.8799769120036689e+02
    2.3521510887145996e+02 0. 0. 0. 1. 0.</data></rP>
<Q type_id="opencv-matrix">
  <rows>4</rows>
  <cols>4</cols>
  <dt>d</dt>
  <data>
    1. 0. 0. -2.6032884407043457e+02 0. 1. 0. -2.3521510887145996e+02 0.
    0. 0. 4.8799769120036689e+02 0. 0. 1.3681468455440396e-02 0.</data></Q>
<boardWidth>7</boardWidth>
<boardHeight>10</boardHeight>
<squareSize>2.2500000000000000e+01</squareSize>
<numFramesNeeded>6</numFramesNeeded>
</opencv_storage>
